================================================================================
TRAINING COORDINATES USED IN PINN MODEL
================================================================================

Configuration:
  α (fractional order): 0.5
  β (mesh grading):     2.0
  N_x (spatial points): 100
  N_t (time steps):     100
  Random seed:          42

--------------------------------------------------------------------------------
COLLOCATION POINTS (Interior PDE Residual): 200 points
--------------------------------------------------------------------------------
Index    x               t               n (time step)  
0        0.68686869      0.18490000      43             
1        0.12121212      0.98010000      99             
2        0.96969697      0.50410000      71             
3        0.11111111      0.47610000      69             
4        0.10101010      0.56250000      75             
5        0.34343434      0.31360000      56             
6        0.97979798      0.00010000      1              
7        0.69696970      0.53290000      73             
8        0.89898990      0.02250000      15             
9        0.15151515      0.38440000      62             
10       0.30303030      0.24010000      49             
11       0.44444444      0.09000000      30             
12       0.05050505      0.44890000      67             
13       0.66666667      0.38440000      62             
14       0.15151515      0.02560000      16             
15       0.98989899      0.01690000      13             
16       0.66666667      0.23040000      48             
17       0.88888889      0.49000000      70             
18       0.31313131      0.17640000      42             
19       0.78787879      0.53290000      73             
... (180 more points)

--------------------------------------------------------------------------------
BOUNDARY POINTS (x=0 and x=1): 100 points
--------------------------------------------------------------------------------
Index    x               t               u_target       
0        0.00000000      0.65610000      0.00000000     
1        0.00000000      0.17640000      0.00000000     
2        0.00000000      1.00000000      0.00000000     
3        0.00000000      0.10890000      0.00000000     
4        0.00000000      0.10240000      0.00000000     
5        0.00000000      0.00360000      0.00000000     
6        0.00000000      0.84640000      0.00000000     
7        0.00000000      0.06250000      0.00000000     
8        0.00000000      0.02560000      0.00000000     
9        0.00000000      0.13690000      0.00000000     
10       0.00000000      0.72250000      0.00000000     
11       0.00000000      0.04410000      0.00000000     
12       0.00000000      0.96040000      0.00000000     
13       0.00000000      0.05760000      0.00000000     
14       0.00000000      0.38440000      0.00000000     
15       0.00000000      0.00160000      0.00000000     
16       0.00000000      0.29160000      0.00000000     
17       0.00000000      0.75690000      0.00000000     
18       0.00000000      0.01690000      0.00000000     
19       0.00000000      0.65610000      0.00000000     
... (80 more points)

--------------------------------------------------------------------------------
INITIAL CONDITION POINTS (t=0): 50 points
--------------------------------------------------------------------------------
Index    x               t               u_target       
0        0.84848485      0.00000000      0.00000000     
1        0.54545455      0.00000000      0.00000000     
2        0.62626263      0.00000000      0.00000000     
3        0.54545455      0.00000000      0.00000000     
4        0.39393939      0.00000000      0.00000000     
5        0.80808081      0.00000000      0.00000000     
6        0.38383838      0.00000000      0.00000000     
7        0.66666667      0.00000000      0.00000000     
8        0.45454545      0.00000000      0.00000000     
9        0.35353535      0.00000000      0.00000000     
10       0.49494949      0.00000000      0.00000000     
11       0.08080808      0.00000000      0.00000000     
12       0.69696970      0.00000000      0.00000000     
13       0.45454545      0.00000000      0.00000000     
14       0.97979798      0.00000000      0.00000000     
15       0.55555556      0.00000000      0.00000000     
16       0.52525253      0.00000000      0.00000000     
17       0.41414141      0.00000000      0.00000000     
18       0.11111111      0.00000000      0.00000000     
19       0.00000000      0.00000000      0.00000000     
... (30 more points)

--------------------------------------------------------------------------------
GRADED MESH TIME NODES: 101 nodes
--------------------------------------------------------------------------------
t_n = (n/N)^β where N=100, β=2.0

n        t_n            
0        0.00000000     
1        0.00010000     
2        0.00040000     
3        0.00090000     
4        0.00160000     
5        0.00250000     
6        0.00360000     
7        0.00490000     
8        0.00640000     
9        0.00810000     
10       0.01000000     
11       0.01210000     
12       0.01440000     
13       0.01690000     
14       0.01960000     
15       0.02250000     
16       0.02560000     
17       0.02890000     
18       0.03240000     
19       0.03610000     
... (81 more nodes)

================================================================================
Total training points per epoch: 350
Note: Collocation points are resampled each epoch during training.
================================================================================
